NUM_CAMARAS =
8
RANGO_VISION = 
7
ANGULO_APERTURA = 
70.0
[MAPA]
DIMENSIONES = 
18 
20
1 1 1 1 1 1 1 1 1 1 1 1 1 1 1 1 1 1 1 1
1 0 0 0 0 0 0 0 0 0 0 0 0 0 0 0 0 0 0 1
1 0 0 0 0 0 0 0 0 0 0 0 0 0 0 0 0 0 0 1
1 0 1 1 0 0 1 1 0 0 1 1 0 0 1 1 0 0 0 1
1 0 1 1 0 0 1 1 0 0 1 1 0 0 1 1 0 0 0 1
1 0 1 1 0 0 1 1 0 0 1 1 0 0 1 1 0 0 0 1
1 0 1 1 0 0 1 1 0 0 1 1 0 0 1 1 0 0 0 1
1 0 1 1 0 0 1 1 0 0 1 1 0 0 1 1 0 0 0 1
1 0 0 0 0 0 0 0 0 0 0 0 0 0 0 0 0 0 0 1
1 0 0 0 0 0 0 0 0 0 0 0 0 0 0 0 0 0 0 1
1 0 1 1 0 0 1 1 0 0 1 1 0 0 1 1 0 0 0 1
1 0 1 1 0 0 1 1 0 0 1 1 0 0 1 1 0 0 0 1
1 0 1 1 0 0 1 1 0 0 1 1 0 0 1 1 0 0 0 1
1 0 1 1 0 0 1 1 0 0 1 1 0 0 1 1 0 0 0 1
1 0 1 1 0 0 1 1 0 0 1 1 0 0 1 1 0 0 0 1
1 0 0 0 0 0 0 0 0 0 0 0 0 0 0 0 0 0 0 1
1 0 0 0 0 0 0 0 0 0 0 0 0 0 0 0 0 0 0 1
1 1 1 1 1 1 1 1 1 1 1 1 1 1 1 1 1 1 1 1