NUM_CAMARAS = 
7
RANGO_VISION = 
5
ANGULO_APERTURA = 
90.0
DIMENSIONES = 
12
15
1 1 1 1 1 1 1 1 1 1 1 1 1 1 1
1 0 0 0 1 0 0 0 0 0 1 0 0 0 1
1 1 1 0 1 0 1 1 1 0 1 0 1 1 1
1 0 0 0 0 0 0 0 0 0 0 0 0 0 1
1 0 1 1 1 1 1 0 1 1 1 1 1 0 1
1 0 1 0 0 0 0 0 0 0 0 0 1 0 1
1 0 1 0 1 1 1 0 1 1 1 0 1 0 1
1 0 0 0 0 0 0 0 0 0 0 0 0 0 1
1 1 1 0 1 1 1 0 1 1 1 0 1 1 1
1 0 0 0 0 0 1 0 1 0 0 0 0 0 1
1 0 1 1 1 0 0 0 0 0 1 1 1 0 1
1 1 1 1 1 1 1 1 1 1 1 1 1 1 1
IMPORTANCIA =
0 0 0 0 0 0 0 0 0 0 0 0 0 0 0
0 20 1 1 0 1 1 1 1 1 0 1 1 20 0
0 0 0 1 0 1 0 0 0 1 0 1 0 0 0
0 1 1 1 1 1 1 5 1 1 1 1 1 1 0
0 1 0 0 0 0 0 1 0 0 0 0 0 1 0
0 1 0 1 1 1 1 1 1 1 1 0 0 1 0
0 1 0 1 0 0 0 20 0 0 0 1 0 1 0
0 1 1 5 1 1 1 1 1 1 1 5 1 1 0
0 0 0 1 0 0 0 1 0 0 0 1 0 0 0
0 1 1 1 1 1 0 1 0 1 1 1 1 1 0
0 20 0 0 0 1 1 1 1 1 0 0 0 20 0
0 0 0 0 0 0 0 0 0 0 0 0 0 0 0